,date,baseline_full,event_full,baseline_window,event_window,baseline_peak_demand,event_peak_demand,baseline_cost,event_cost,event_peak_temp,baseline_peak_temp,savings,event_energy_savings
0,2018-06-12,72920.0,107200.0,19600.0,32480.0,4640.0,11360.0,26.854964000000002,42.472678,75.37505000000003,71.72960000000006,-15.617714,-12880.0
1,2018-06-13,72920.0,102840.0,19600.0,35760.0,4640.0,15680.0,26.854964000000002,43.718368,74.73470000000006,71.72960000000006,-16.863403999999996,-16160.0
2,2018-07-10,72920.0,104800.0,19600.0,34440.0,4640.0,16320.0,26.854964000000002,44.03121,76.32882500000005,71.72960000000006,-17.176246,-14840.0
3,2018-07-16,70680.0,70640.0,19680.0,17280.0,4320.0,6080.0,26.085878,25.049276,66.84530000000001,71.06000000000009,1.036602000000002,2400.0
4,2018-07-17,70680.0,78080.0,19680.0,20880.0,4320.0,4960.0,26.085878,28.662868000000003,68.15255000000002,71.06000000000009,-2.576990000000002,-1200.0
5,2018-07-19,70680.0,76280.0,19680.0,21840.0,4320.0,6240.0,26.085878,28.973994000000005,68.27000000000001,71.06000000000009,-2.8881160000000037,-2160.0
6,2018-07-24,70680.0,72480.0,19680.0,19400.0,4320.0,4960.0,26.085878,26.754134,69.66500000000005,71.06000000000009,-0.6682559999999995,280.0
7,2018-07-25,70680.0,68160.0,19680.0,19680.0,4320.0,4480.0,26.085878,25.75242,71.48480000000004,71.06000000000009,0.33345800000000025,0.0
8,2018-07-27,70680.0,63880.0,19680.0,17520.0,4320.0,4320.0,26.085878,23.966563999999998,64.54535000000003,71.06000000000009,2.119314000000003,2160.0
